*************************************************************************
TV Panasonic
*************************************************************************

1. Power: 0000 0071 0000 0032 007F 0041 0010 0010 0010 0031 0010 0010 0010 0010 0010 0010 0010 0010 0010 0010 0010 0010 0010 0010 0010 0010 0010 0010 0010 0010 0010 0010 0010 0031 0010 0010 0010 0010 0010 0010 0010 0010 0010 0010 0010 0010 0010 0010 0010 0010 0010 0010 0010 0031 0010 0010 0010 0010 0010 0010 0010 0010 0010 0010 0010 0010 0010 0010 0010 0010 0010 0031 0010 0010 0010 0031 0010 0031 0010 0031 0010 0031 0010 0010 0010 0010 0010 0031 0010 0010 0010 0031 0010 0031 0010 0031 0010 0031 0010 0010 0010 0031 0010 0AAB
2. Light: 0000 0071 0000 0032 007F 0041 0010 0010 0010 0031 0010 0010 0010 0010 0010 0010 0010 0010 0010 0010 0010 0010 0010 0010 0010 0010 0010 0010 0010 0010 0010 0010 0010 0031 0010 0010 0010 0010 0010 0010 0010 0010 0010 0010 0010 0010 0010 0010 0010 0010 0010 0010 0010 0031 0010 0010 0010 0010 0010 0010 0010 0010 0010 0010 0010 0010 0010 0010 0010 0010 0010 0031 0010 0010 0010 0031 0010 0010 0010 0010 0010 0010 0010 0010 0010 0010 0010 0031 0010 0010 0010 0031 0010 0010 0010 0010 0010 0010 0010 0010 0010 0031 0010 0AAB
3. Menu: 0000 0071 0000 0032 007F 0041 0010 0010 0010 0031 0010 0010 0010 0010 0010 0010 0010 0010 0010 0010 0010 0010 0010 0010 0010 0010 0010 0010 0010 0010 0010 0010 0010 0031 0010 0010 0010 0010 0010 0010 0010 0010 0010 0010 0010 0010 0010 0010 0010 0010 0010 0010 0010 0031 0010 0010 0010 0010 0010 0010 0010 0010 0010 0010 0010 0010 0010 0010 0010 0010 0010 0010 0010 0031 0010 0010 0010 0010 0010 0031 0010 0010 0010 0031 0010 0010 0010 0010 0010 0031 0010 0010 0010 0010 0010 0031 0010 0010 0010 0031 0010 0031 0010 0AAB
4. 3D: 0000 0071 0000 0032 007F 0041 0010 0010 0010 0031 0010 0010 0010 0010 0010 0010 0010 0010 0010 0010 0010 0010 0010 0010 0010 0010 0010 0010 0010 0010 0010 0010 0010 0031 0010 0010 0010 0010 0010 0010 0010 0010 0010 0010 0010 0010 0010 0010 0010 0010 0010 0010 0010 0031 0010 0031 0010 0011 0010 0011 0010 0031 0010 0010 0010 0010 0010 0010 0010 0010 0010 0031 0010 0031 0010 0031 0010 0010 0010 0031 0010 0031 0010 0011 0010 0031 0010 0010 0010 0031 0010 0031 0010 0031 0010 0031 0010 0031 0010 0011 0010 0011 0010 0AAB
5. TV: 0000 0071 0000 0032 007F 0041 000F 0011 000F 0031 000F 0011 000F 0011 000F 0011 000F 0011 000F 0011 000F 0011 000F 0011 000F 0011 000F 0011 000F 0011 000F 0011 000F 0031 000F 0011 000F 0011 000F 0011 000F 0011 000F 0011 000F 0011 000F 0011 000F 0011 000F 0011 000F 0031 000F 0011 000F 0031 000F 0011 000F 0011 000F 0011 000F 0011 000F 0011 000F 0011 000F 0011 000F 0011 000F 0011 000F 0011 000F 0031 000F 0031 000F 0011 000F 0011 000F 0011 000F 0031 000F 0011 000F 0011 000F 0031 000F 0031 000F 0011 000F 0031 000F 0AAB
6. AV: 0000 0071 0000 0032 007F 0041 0010 0010 0010 0031 0010 0010 0010 0010 0010 0010 0010 0010 0010 0010 0010 0010 0010 0010 0010 0010 0010 0010 0010 0010 0010 0010 0010 0031 0010 0010 0010 0010 0010 0010 0010 0010 0010 0010 0010 0010 0010 0010 0010 0010 0010 0010 0010 0031 0010 0010 0010 0010 0010 0010 0010 0010 0010 0010 0010 0010 0010 0010 0010 0010 0010 0031 0010 0010 0010 0031 0010 0010 0010 0010 0010 0010 0010 0010 0010 0010 0010 0031 0010 0010 0010 0031 0010 0010 0010 0010 0010 0010 0010 0010 0010 0031 0010 0AAB
7. i: 0000 0071 0000 0032 007F 0041 0010 0010 0010 0031 0010 0010 0010 0010 0010 0010 0010 0010 0010 0010 0010 0010 0010 0010 0010 0010 0010 0010 0010 0010 0010 0010 0010 0031 0010 0010 0010 0010 0010 0010 0010 0010 0010 0010 0010 0010 0010 0010 0010 0010 0010 0010 0010 0031 0010 0010 0010 0010 0010 0010 0010 0010 0010 0010 0010 0010 0010 0010 0010 0010 0010 0031 0010 0010 0010 0010 0010 0031 0010 0031 0010 0031 0010 0011 0010 0011 0010 0031 0010 0010 0010 0010 0010 0031 0010 0031 0010 0031 0010 0010 0010 0031 0010 0AAB
8. X: 0000 0071 0000 0032 007F 0041 0010 0010 0010 0031 0010 0010 0010 0010 0010 0010 0010 0010 0010 0010 0010 0010 0010 0010 0010 0010 0010 0010 0010 0010 0010 0010 0010 0031 0010 0010 0010 0010 0010 0010 0010 0010 0010 0010 0010 0010 0010 0010 0010 0010 0010 0010 0010 0031 0010 0010 0010 0010 0010 0010 0010 0010 0010 0010 0010 0010 0010 0010 0010 0010 0010 0031 0010 0031 0010 0011 0010 0011 0010 0031 0010 0010 0010 0031 0010 0031 0010 0031 0010 0031 0010 0010 0010 0010 0010 0031 0010 0010 0010 0031 0010 0010 0010 0AAB
9. Viera Tools: 0000 0071 0000 0032 007F 0041 0010 0011 0010 0031 0010 0010 0010 0010 0010 0010 0010 0010 0010 0010 0010 0010 0010 0010 0010 0010 0010 0010 0010 0010 0010 0010 0010 0031 0010 0010 0010 0010 0010 0010 0010 0010 0010 0010 0010 0010 0010 0010 0010 0010 0010 0010 0010 0031 0010 0010 0010 0010 0010 0010 0010 0010 0010 0010 0010 0010 0010 0010 0010 0010 0010 0031 0010 0031 0010 0031 0010 0031 0010 0011 0010 0031 0010 0031 0010 0031 0010 0031 0010 0031 0010 0031 0010 0031 0010 0011 0010 0031 0010 0031 0010 0010 0010 0AAB
10. Internet: 0000 0071 0000 0032 007F 0041 0010 0010 0010 0031 0010 0010 0010 0010 0010 0010 0010 0010 0010 0010 0010 0010 0010 0010 0010 0010 0010 0010 0010 0010 0010 0010 0010 0031 0010 0010 0010 0010 0010 0010 0010 0010 0010 0010 0010 0010 0010 0010 0010 0010 0010 0010 0010 0031 0010 0031 0010 0010 0010 0010 0010 0031 0010 0010 0010 0010 0010 0010 0010 0010 0010 0031 0010 0031 0010 0010 0010 0010 0010 0031 0010 0010 0010 0010 0010 0031 0010 0010 0010 0031 0010 0010 0010 0031 0010 0031 0010 0011 0010 0011 0010 0010 0010 0AAB
11. Guide: 0000 0071 0000 0032 007F 0041 0010 0010 0010 0031 0010 0010 0010 0010 0010 0010 0010 0010 0010 0010 0010 0010 0010 0010 0010 0010 0010 0010 0010 0010 0010 0010 0010 0031 0010 0010 0010 0010 0010 0010 0010 0010 0010 0010 0010 0010 0010 0010 0010 0010 0010 0010 0010 0031 0010 0031 0010 0010 0010 0010 0010 0031 0010 0010 0010 0010 0010 0010 0010 0010 0010 0031 0010 0031 0010 0031 0010 0011 0010 0011 0010 0010 0010 0010 0010 0031 0010 0010 0010 0031 0010 0031 0010 0031 0010 0010 0010 0010 0010 0010 0010 0010 0010 0AAB
12. Up: 0000 0071 0000 0032 007F 0041 0010 0010 0010 0031 0010 0010 0010 0010 0010 0010 0010 0010 0010 0010 0010 0010 0010 0010 0010 0010 0010 0010 0010 0010 0010 0010 0010 0031 0010 0010 0010 0010 0010 0010 0010 0010 0010 0010 0010 0010 0010 0010 0010 0010 0010 0010 0010 0031 0010 0010 0010 0010 0010 0010 0010 0010 0010 0010 0010 0010 0010 0010 0010 0010 0010 0010 0010 0031 0010 0010 0010 0031 0010 0010 0010 0010 0010 0031 0010 0010 0010 0010 0010 0031 0010 0010 0010 0031 0010 0010 0010 0010 0010 0031 0010 0031 0010 0AAB
13. Down: 0000 0071 0000 0032 007F 0041 0010 0011 0010 0031 0010 0011 0010 0011 0010 0011 0010 0011 0010 0011 0010 0011 0010 0011 0010 0011 0010 0011 0010 0011 0010 0011 0010 0031 0010 0011 0010 0011 0010 0011 0010 0011 0010 0011 0010 0011 0010 0011 0010 0011 0010 0011 0010 0031 0010 0011 0010 0011 0010 0011 0010 0011 0010 0010 0010 0010 0010 0010 0010 0010 0010 0031 0010 0031 0010 0011 0010 0031 0010 0011 0010 0011 0010 0031 0010 0011 0010 0031 0010 0031 0010 0011 0010 0031 0010 0011 0010 0011 0010 0031 0010 0031 0010 0AAB
14. Left: 0000 0071 0000 0032 007F 0041 0010 0011 0010 0031 0010 0011 0010 0011 0010 0011 0010 0011 0010 0011 0010 0011 0010 0011 0010 0011 0010 0011 0010 0011 0010 0011 0010 0031 0010 0011 0010 0011 0010 0011 0010 0011 0010 0011 0010 0011 0010 0011 0010 0011 0010 0011 0010 0031 0010 0011 0010 0011 0010 0011 0010 0011 0010 0011 0010 0011 0010 0011 0010 0011 0010 0011 0010 0031 0010 0031 0010 0031 0010 0011 0010 0011 0010 0031 0010 0011 0010 0011 0010 0031 0010 0031 0010 0031 0010 0011 0010 0011 0010 0031 0010 0031 0010 0AAB
15. Right: 0000 0071 0000 0032 007F 0041 0010 0011 0010 0031 0010 0011 0010 0010 0010 0010 0010 0010 0010 0010 0010 0010 0010 0010 0010 0010 0010 0010 0010 0010 0010 0010 0010 0031 0010 0010 0010 0010 0010 0010 0010 0010 0010 0010 0010 0010 0010 0010 0010 0010 0010 0010 0010 0031 0010 0010 0010 0010 0010 0010 0010 0010 0010 0010 0010 0010 0010 0010 0010 0010 0010 0031 0010 0031 0010 0031 0010 0031 0010 0011 0010 0011 0010 0031 0010 0010 0010 0031 0010 0031 0010 0031 0010 0031 0010 0010 0010 0010 0010 0031 0010 0031 0010 0AAB
16. Ok: 0000 0071 0000 0032 007F 0041 0010 0011 0010 0031 0010 0010 0010 0010 0010 0010 0010 0010 0010 0010 0010 0010 0010 0010 0010 0010 0010 0010 0010 0010 0010 0010 0010 0031 0010 0010 0010 0010 0010 0010 0010 0010 0010 0010 0010 0010 0010 0010 0010 0010 0010 0010 0010 0031 0010 0010 0010 0010 0010 0010 0010 0010 0010 0010 0010 0010 0010 0010 0010 0010 0010 0031 0010 0010 0010 0010 0010 0031 0010 0010 0010 0010 0010 0031 0010 0010 0010 0031 0010 0010 0010 0010 0010 0031 0010 0010 0010 0010 0010 0031 0010 0031 0010 0AAB
17. Option: 0000 0071 0000 0032 007F 0041 0010 0011 0010 0031 0010 0010 0010 0010 0010 0010 0010 0010 0010 0010 0010 0010 0010 0010 0010 0010 0010 0010 0010 0010 0010 0010 0010 0031 0010 0010 0010 0010 0010 0010 0010 0010 0010 0010 0010 0010 0010 0010 0010 0010 0010 0010 0010 0031 0010 0031 0010 0010 0010 0010 0010 0031 0010 0010 0010 0010 0010 0010 0010 0010 0010 0031 0010 0031 0010 0031 0010 0011 0010 0011 0010 0031 0010 0010 0010 0031 0010 0010 0010 0031 0010 0031 0010 0031 0010 0010 0010 0031 0010 0010 0010 0010 0010 0AAB
18. Back/Return: 0000 0071 0000 0032 007F 0041 0010 0010 0010 0031 0010 0010 0010 0010 0010 0010 0010 0010 0010 0010 0010 0010 0010 0010 0010 0010 0010 0010 0010 0010 0010 0010 0010 0031 0010 0010 0010 0010 0010 0010 0010 0010 0010 0010 0010 0010 0010 0010 0010 0010 0010 0010 0010 0031 0010 0010 0010 0010 0010 0010 0010 0010 0010 0010 0010 0010 0010 0010 0010 0010 0010 0010 0010 0010 0010 0031 0010 0010 0010 0031 0010 0010 0010 0031 0010 0031 0010 0010 0010 0010 0010 0031 0010 0010 0010 0031 0010 0010 0010 0031 0010 0010 0010 0AAB
19. Red: 0000 0071 0000 0032 007F 0041 0010 0011 0010 0031 0010 0011 0010 0011 0010 0011 0010 0011 0010 0011 0010 0010 0010 0010 0010 0010 0010 0010 0010 0010 0010 0010 0010 0031 0010 0010 0010 0010 0010 0010 0010 0010 0010 0010 0010 0010 0010 0010 0010 0010 0010 0010 0010 0031 0010 0010 0010 0010 0010 0010 0010 0010 0010 0010 0010 0010 0010 0010 0010 0010 0010 0010 0010 0010 0010 0010 0010 0010 0010 0031 0010 0031 0010 0031 0010 0011 0010 0010 0010 0010 0010 0010 0010 0010 0010 0031 0010 0031 0010 0031 0010 0031 0010 0AAB 
20. Green: 0000 0071 0000 0032 007F 0041 0010 0010 0010 0031 0010 0010 0010 0010 0010 0010 0010 0010 0010 0010 0010 0010 0010 0010 0010 0010 0010 0010 0010 0010 0010 0010 0010 0031 0010 0010 0010 0010 0010 0010 0010 0010 0010 0010 0010 0010 0010 0010 0010 0010 0010 0010 0010 0031 0010 0010 0010 0010 0010 0010 0010 0010 0010 0010 0010 0010 0010 0010 0010 0010 0010 0031 0010 0010 0010 0010 0010 0010 0010 0031 0010 0031 0010 0031 0010 0010 0010 0031 0010 0010 0010 0010 0010 0010 0010 0031 0010 0031 0010 0031 0010 0031 0010 0AAB
21. Yellow: 0000 0071 0000 0032 007F 0041 0010 0010 0010 0031 0010 0010 0010 0010 0010 0010 0010 0010 0010 0010 0010 0010 0010 0010 0010 0010 0010 0010 0010 0010 0010 0010 0010 0031 0010 0010 0010 0010 0010 0010 0010 0010 0010 0010 0010 0010 0010 0010 0010 0010 0010 0010 0010 0031 0010 0010 0010 0010 0010 0010 0010 0010 0010 0010 0010 0010 0010 0010 0010 0010 0010 0010 0010 0031 0010 0010 0010 0010 0010 0031 0010 0031 0010 0031 0010 0010 0010 0010 0010 0031 0010 0010 0010 0010 0010 0031 0010 0031 0010 0031 0010 0031 0010 0AAB
22. Blue: 0000 0071 0000 0032 007F 0041 0010 0010 0010 0031 0010 0010 0010 0010 0010 0010 0010 0010 0010 0010 0010 0010 0010 0010 0010 0010 0010 0010 0010 0010 0010 0010 0010 0031 0010 0010 0010 0010 0010 0010 0010 0010 0010 0010 0010 0010 0010 0010 0010 0010 0010 0010 0010 0031 0010 0010 0010 0010 0010 0010 0010 0010 0010 0010 0010 0010 0010 0010 0010 0010 0010 0031 0010 0031 0010 0010 0010 0010 0010 0031 0010 0031 0010 0031 0010 0010 0010 0031 0010 0031 0010 0010 0010 0010 0010 0031 0010 0031 0010 0031 0010 0031 0010 0AAB
23. Mute: 0000 0071 0000 0032 007F 0041 0010 0010 0010 0031 0010 0010 0010 0010 0010 0010 0010 0010 0010 0010 0010 0010 0010 0010 0010 0010 0010 0010 0010 0010 0010 0010 0010 0031 0010 0010 0010 0010 0010 0010 0010 0010 0010 0010 0010 0010 0010 0010 0010 0010 0010 0010 0010 0031 0010 0010 0010 0010 0010 0010 0010 0010 0010 0010 0010 0010 0010 0010 0010 0010 0010 0010 0010 0031 0010 0010 0010 0010 0010 0031 0010 0031 0010 0010 0010 0010 0010 0010 0010 0031 0010 0010 0010 0010 0010 0031 0010 0031 0010 0010 0010 0031 0010 0AAB
24. Text: 0000 0071 0000 0032 007F 0041 0010 0010 0010 0031 0010 0010 0010 0010 0010 0010 0010 0010 0010 0010 0010 0010 0010 0010 0010 0010 0010 0010 0010 0010 0010 0010 0010 0031 0010 0010 0010 0010 0010 0010 0010 0010 0010 0010 0010 0010 0010 0010 0010 0010 0010 0010 0010 0031 0010 0031 0010 0010 0010 0010 0010 0010 0010 0010 0010 0010 0010 0010 0010 0010 0010 0031 0010 0031 0010 0010 0010 0010 0010 0010 0010 0010 0010 0010 0010 0010 0010 0010 0010 0031 0010 0010 0010 0010 0010 0010 0010 0010 0010 0010 0010 0031 0010 0AAB
25. STTL: 0000 0071 0000 0032 007F 0041 0010 0010 0010 0031 0010 0010 0010 0010 0010 0010 0010 0010 0010 0010 0010 0010 0010 0010 0010 0010 0010 0010 0010 0010 0010 0010 0010 0031 0010 0010 0010 0010 0010 0010 0010 0010 0010 0010 0010 0010 0010 0010 0010 0010 0010 0010 0010 0031 0010 0031 0010 0010 0010 0010 0010 0010 0010 0010 0010 0010 0010 0010 0010 0010 0010 0031 0010 0010 0010 0031 0010 0010 0010 0010 0010 0010 0010 0010 0010 0010 0010 0010 0010 0010 0010 0031 0010 0010 0010 0010 0010 0010 0010 0010 0010 0031 0010 0AAB
26. Aspect: 0000 0071 0000 0032 007F 0041 0010 0010 0010 0031 0010 0010 0010 0010 0010 0010 0010 0010 0010 0010 0010 0010 0010 0010 0010 0010 0010 0010 0010 0010 0010 0010 0010 0031 0010 0010 0010 0010 0010 0010 0010 0010 0010 0010 0010 0010 0010 0010 0010 0010 0010 0010 0010 0031 0010 0010 0010 0010 0010 0031 0010 0010 0010 0010 0010 0010 0010 0010 0010 0010 0010 0010 0010 0031 0010 0031 0010 0031 0010 0031 0010 0010 0010 0031 0010 0031 0010 0010 0010 0031 0010 0010 0010 0031 0010 0031 0010 0010 0010 0031 0010 0010 0010 0AAB
27. Vol Up: 0000 0071 0000 0032 007F 0041 0010 0010 0010 0031 0010 0010 0010 0010 0010 0010 0010 0010 0010 0010 0010 0010 0010 0010 0010 0010 0010 0010 0010 0010 0010 0010 0010 0031 0010 0010 0010 0010 0010 0010 0010 0010 0010 0010 0010 0010 0010 0010 0010 0010 0010 0010 0010 0031 0010 0010 0010 0010 0010 0010 0010 0010 0010 0010 0010 0010 0010 0010 0010 0010 0010 0010 0010 0010 0010 0010 0010 0010 0010 0010 0010 0031 0010 0010 0010 0010 0010 0010 0010 0010 0010 0010 0010 0010 0010 0010 0010 0031 0010 0010 0010 0031 0010 0AAB
28. Vol Down: 0000 0071 0000 0032 007F 0041 0010 0010 0010 0031 0010 0010 0010 0010 0010 0010 0010 0010 0010 0010 0010 0010 0010 0010 0010 0010 0010 0010 0010 0010 0010 0010 0010 0031 0010 0010 0010 0010 0010 0010 0010 0010 0010 0010 0010 0010 0010 0010 0010 0010 0010 0010 0010 0031 0010 0010 0010 0010 0010 0010 0010 0010 0010 0010 0010 0010 0010 0010 0010 0010 0010 0031 0010 0010 0010 0010 0010 0010 0010 0010 0010 0031 0010 0010 0010 0010 0010 0031 0010 0010 0010 0010 0010 0010 0010 0010 0010 0031 0010 0010 0010 0031 0010 0AAB
29. Ch Up: 0000 0071 0000 0032 007F 0041 0010 0010 0010 0031 0010 0010 0010 0010 0010 0010 0010 0010 0010 0010 0010 0010 0010 0010 0010 0010 0010 0010 0010 0010 0010 0010 0010 0031 0010 0010 0010 0010 0010 0010 0010 0010 0010 0010 0010 0010 0010 0010 0010 0010 0010 0010 0010 0031 0010 0010 0010 0010 0010 0010 0010 0010 0010 0010 0010 0010 0010 0010 0010 0010 0010 0010 0010 0010 0010 0031 0010 0010 0010 0031 0010 0031 0010 0010 0010 0010 0010 0010 0010 0010 0010 0031 0010 0010 0010 0031 0010 0031 0010 0010 0010 0031 0010 0AAB
30. Ch Down: 0000 0071 0000 0032 007F 0041 0010 0010 0010 0030 0010 0010 0010 0010 0010 0010 0010 0010 0010 0010 0010 0010 0010 0010 0010 0010 0010 0010 0010 0010 0010 0010 0010 0030 0010 0010 0010 0010 0010 0010 0010 0010 0010 0010 0010 0010 0010 0010 0010 0010 0010 0010 0010 0030 0010 0010 0010 0010 0010 0010 0010 0010 0010 0010 0010 0010 0010 0010 0010 0010 0010 0030 0010 0010 0010 0030 0010 0010 0010 0030 0010 0030 0010 0010 0010 0010 0010 0030 0010 0010 0010 0030 0010 0010 0010 0030 0010 0030 0010 0010 0010 0030 0010 0AAB
31. 1: 0000 0071 0000 0032 007F 0041 0010 0010 0010 0030 0010 0010 0010 0010 0010 0010 0010 0010 0010 0010 0010 0010 0010 0010 0010 0010 0010 0010 0010 0010 0010 0010 0010 0030 0010 0010 0010 0010 0010 0010 0010 0010 0010 0010 0010 0010 0010 0010 0010 0010 0010 0010 0010 0030 0010 0010 0010 0010 0010 0010 0010 0010 0010 0010 0010 0010 0010 0010 0010 0010 0010 0010 0010 0010 0010 0010 0010 0010 0010 0030 0010 0010 0010 0010 0010 0010 0010 0010 0010 0010 0010 0010 0010 0010 0010 0030 0010 0010 0010 0010 0010 0030 0010 0AAB
32. 2: 0000 0071 0000 0032 007F 0041 0010 0010 0010 0030 0010 0010 0010 0010 0010 0010 0010 0010 0010 0010 0010 0010 0010 0010 0010 0010 0010 0010 0010 0010 0010 0010 0010 0030 0010 0010 0010 0010 0010 0010 0010 0010 0010 0010 0010 0010 0010 0010 0010 0010 0010 0010 0010 0030 0010 0010 0010 0010 0010 0010 0010 0010 0010 0010 0010 0010 0010 0010 0010 0010 0010 0030 0010 0010 0010 0010 0010 0010 0010 0030 0010 0010 0010 0010 0010 0010 0010 0030 0010 0010 0010 0010 0010 0010 0010 0030 0010 0010 0010 0010 0010 0030 0010 0AAB
33. 3: 0000 0071 0000 0032 007F 0041 0010 0010 0010 0030 0010 0010 0010 0010 0010 0010 0010 0010 0010 0010 0010 0010 0010 0010 0010 0010 0010 0010 0010 0010 0010 0010 0010 0030 0010 0010 0010 0010 0010 0010 0010 0010 0010 0010 0010 0010 0010 0010 0010 0010 0010 0010 0010 0030 0010 0010 0010 0010 0010 0010 0010 0010 0010 0010 0010 0010 0010 0010 0010 0010 0010 0010 0010 0030 0010 0010 0010 0010 0010 0030 0010 0010 0010 0010 0010 0010 0010 0010 0010 0030 0010 0010 0010 0010 0010 0030 0010 0010 0010 0010 0010 0030 0010 0AAB
34. 4: 0000 0071 0000 0032 007F 0041 0010 0010 0010 0030 0010 0010 0010 0010 0010 0010 0010 0010 0010 0010 0010 0010 0010 0010 0010 0010 0010 0010 0010 0010 0010 0010 0010 0030 0010 0010 0010 0010 0010 0010 0010 0010 0010 0010 0010 0010 0010 0010 0010 0010 0010 0010 0010 0030 0010 0010 0010 0010 0010 0010 0010 0010 0010 0010 0010 0010 0010 0010 0010 0010 0010 0030 0010 0030 0010 0010 0010 0010 0010 0030 0010 0010 0010 0010 0010 0010 0010 0030 0010 0030 0010 0010 0010 0010 0010 0030 0010 0010 0010 0010 0010 0030 0010 0AAB
35. 5: 0000 0071 0000 0032 007F 0041 0010 0010 0010 0030 0010 0010 0010 0010 0010 0010 0010 0010 0010 0010 0010 0010 0010 0010 0010 0010 0010 0010 0010 0010 0010 0010 0010 0030 0010 0010 0010 0010 0010 0010 0010 0010 0010 0010 0010 0010 0010 0010 0010 0010 0010 0010 0010 0030 0010 0010 0010 0010 0010 0010 0010 0010 0010 0010 0010 0010 0010 0010 0010 0010 0010 0010 0010 0010 0010 0030 0010 0010 0010 0030 0010 0010 0010 0010 0010 0010 0010 0010 0010 0010 0010 0030 0010 0010 0010 0030 0010 0010 0010 0010 0010 0030 0010 0AAB
36. 6: 0000 0071 0000 0032 007F 0041 0010 0010 0010 0030 0010 0010 0010 0010 0010 0010 0010 0010 0010 0010 0010 0010 0010 0010 0010 0010 0010 0010 0010 0010 0010 0010 0010 0030 0010 0010 0010 0010 0010 0010 0010 0010 0010 0010 0010 0010 0010 0010 0010 0010 0010 0010 0010 0030 0010 0010 0010 0010 0010 0010 0010 0010 0010 0010 0010 0010 0010 0010 0010 0010 0010 0030 0010 0010 0010 0030 0010 0010 0010 0030 0010 0010 0010 0010 0010 0010 0010 0030 0010 0010 0010 0030 0010 0010 0010 0030 0010 0010 0010 0010 0010 0030 0010 0AAB
37. 7: 0000 0071 0000 0032 007F 0041 0010 0010 0010 0031 0010 0010 0010 0010 0010 0010 0010 0010 0010 0010 0010 0010 0010 0010 0010 0010 0010 0010 0010 0010 0010 0010 0010 0031 0010 0010 0010 0010 0010 0010 0010 0010 0010 0010 0010 0010 0010 0010 0010 0010 0010 0010 0010 0031 0010 0010 0010 0010 0010 0010 0010 0010 0010 0010 0010 0010 0010 0010 0010 0010 0010 0010 0010 0031 0010 0031 0010 0010 0010 0031 0010 0010 0010 0010 0010 0010 0010 0010 0010 0031 0010 0031 0010 0010 0010 0031 0010 0010 0010 0010 0010 0031 0010 0AAB
38. 8: 0000 0071 0000 0032 007F 0041 0010 0010 0010 0030 0010 0010 0010 0010 0010 0010 0010 0010 0010 0010 0010 0010 0010 0010 0010 0010 0010 0010 0010 0010 0010 0010 0010 0030 0010 0010 0010 0010 0010 0010 0010 0010 0010 0010 0010 0010 0010 0010 0010 0010 0010 0010 0010 0030 0010 0010 0010 0010 0010 0010 0010 0010 0010 0010 0010 0010 0010 0010 0010 0010 0010 0030 0010 0030 0010 0030 0010 0010 0010 0030 0010 0010 0010 0010 0010 0010 0010 0030 0010 0030 0010 0030 0010 0010 0010 0030 0010 0010 0010 0010 0010 0030 0010 0AAB
39. 9: 0000 0071 0000 0032 007F 0041 0010 0010 0010 0030 0010 0010 0010 0010 0010 0010 0010 0010 0010 0010 0010 0010 0010 0010 0010 0010 0010 0010 0010 0010 0010 0010 0010 0030 0010 0010 0010 0010 0010 0010 0010 0010 0010 0010 0010 0010 0010 0010 0010 0010 0010 0010 0010 0030 0010 0010 0010 0010 0010 0010 0010 0010 0010 0010 0010 0010 0010 0010 0010 0010 0010 0010 0010 0010 0010 0010 0010 0030 0010 0030 0010 0010 0010 0010 0010 0010 0010 0010 0010 0010 0010 0010 0010 0030 0010 0030 0010 0010 0010 0010 0010 0030 0010 0AAB
40. 0: 0000 0071 0000 0032 007F 0041 0010 0010 0010 0030 0010 0010 0010 0010 0010 0010 0010 0010 0010 0010 0010 0010 0010 0010 0010 0010 0010 0010 0010 0010 0010 0010 0010 0030 0010 0010 0010 0010 0010 0010 0010 0010 0010 0010 0010 0010 0010 0010 0010 0010 0010 0010 0010 0030 0010 0010 0010 0010 0010 0010 0010 0010 0010 0010 0010 0010 0010 0010 0010 0010 0010 0030 0010 0010 0010 0010 0010 0030 0010 0030 0010 0010 0010 0010 0010 0010 0010 0030 0010 0010 0010 0010 0010 0030 0010 0030 0010 0010 0010 0010 0010 0030 0010 0AAB
41. Surround: 0000 0071 0000 0032 007F 0041 0010 0010 0010 0030 0010 0010 0010 0010 0010 0010 0010 0010 0010 0010 0010 0010 0010 0010 0010 0010 0010 0010 0010 0010 0010 0010 0010 0030 0010 0010 0010 0010 0010 0010 0010 0010 0010 0010 0010 0010 0010 0010 0010 0010 0010 0010 0010 0030 0010 0010 0010 0010 0010 0010 0010 0010 0010 0010 0010 0010 0010 0010 0010 0010 0010 0030 0010 0010 0010 0010 0010 0010 0010 0030 0010 0030 0010 0010 0010 0010 0010 0030 0010 0010 0010 0010 0010 0010 0010 0030 0010 0030 0010 0010 0010 0030 0010 0AAB
42. Last View: 0000 0071 0000 0032 007F 0041 0010 0010 0010 0030 0010 0010 0010 0010 0010 0010 0010 0010 0010 0010 0010 0010 0010 0010 0010 0010 0010 0010 0010 0010 0010 0010 0010 0030 0010 0010 0010 0010 0010 0010 0010 0010 0010 0010 0010 0010 0010 0010 0010 0010 0010 0010 0010 0030 0010 0010 0010 0010 0010 0010 0010 0010 0010 0010 0010 0010 0010 0010 0010 0010 0010 0030 0010 0030 0010 0030 0010 0010 0010 0030 0010 0030 0010 0010 0010 0010 0010 0030 0010 0030 0010 0030 0010 0010 0010 0030 0010 0030 0010 0010 0010 0030 0010 0AAB
43. ffwd: 0000 0071 0000 0032 007F 0041 0010 0010 0010 0030 0010 0010 0010 0010 0010 0010 0010 0010 0010 0010 0010 0010 0010 0010 0010 0010 0010 0010 0010 0010 0010 0010 0010 0030 0010 0010 0010 0010 0010 0010 0010 0010 0010 0010 0010 0010 0010 0010 0010 0010 0010 0010 0010 0030 0010 0030 0010 0010 0010 0010 0010 0030 0010 0010 0010 0010 0010 0010 0010 0010 0010 0030 0010 0030 0010 0010 0010 0010 0010 0010 0010 0010 0010 0030 0010 0030 0010 0010 0010 0030 0010 0010 0010 0030 0010 0010 0010 0010 0010 0030 0010 0010 0010 0AAB
44. play: 0000 0071 0000 0032 007F 0041 0010 0010 0010 0030 0010 0010 0010 0010 0010 0010 0010 0010 0010 0010 0010 0010 0010 0010 0010 0010 0010 0010 0010 0010 0010 0010 0010 0030 0010 0010 0010 0010 0010 0010 0010 0010 0010 0010 0010 0010 0010 0010 0010 0010 0010 0010 0010 0030 0010 0030 0010 0010 0010 0010 0010 0030 0010 0010 0010 0010 0010 0010 0010 0010 0010 0010 0010 0010 0010 0010 0010 0010 0010 0010 0010 0010 0010 0030 0010 0030 0010 0030 0010 0010 0010 0010 0010 0030 0010 0010 0010 0010 0010 0030 0010 0010 0010 0AAB
45. frwd: 0000 0071 0000 0032 007F 0041 0010 0010 0010 0030 0010 0010 0010 0010 0010 0010 0010 0010 0010 0010 0010 0010 0010 0010 0010 0010 0010 0010 0010 0010 0010 0010 0010 0030 0010 0010 0010 0010 0010 0010 0010 0010 0010 0010 0010 0010 0010 0010 0010 0010 0010 0010 0010 0030 0010 0030 0010 0010 0010 0010 0010 0030 0010 0010 0010 0010 0010 0010 0010 0010 0010 0010 0010 0010 0010 0030 0010 0010 0010 0010 0010 0010 0010 0030 0010 0030 0010 0030 0010 0010 0010 0030 0010 0030 0010 0010 0010 0010 0010 0030 0010 0010 0010 0AAB
46. prev: 0000 0071 0000 0032 007F 0041 0010 0010 0010 0030 0010 0010 0010 0010 0010 0010 0010 0010 0010 0010 0010 0010 0010 0010 0010 0010 0010 0010 0010 0010 0010 0010 0010 0030 0010 0010 0010 0010 0010 0010 0010 0010 0010 0010 0010 0010 0010 0010 0010 0010 0010 0010 0010 0030 0010 0030 0010 0010 0010 0010 0010 0030 0010 0010 0010 0010 0010 0010 0010 0010 0010 0010 0010 0010 0010 0030 0010 0030 0010 0030 0010 0010 0010 0030 0010 0030 0010 0030 0010 0010 0010 0030 0010 0010 0010 0030 0010 0010 0010 0030 0010 0010 0010 0AAB
47. pause: 0000 0071 0000 0032 007F 0041 0010 0010 0010 0030 0010 0010 0010 0010 0010 0010 0010 0010 0010 0010 0010 0010 0010 0010 0010 0010 0010 0010 0010 0010 0010 0010 0010 0030 0010 0010 0010 0010 0010 0010 0010 0010 0010 0010 0010 0010 0010 0010 0010 0010 0010 0010 0010 0030 0010 0030 0010 0010 0010 0010 0010 0030 0010 0010 0010 0010 0010 0010 0010 0010 0010 0030 0010 0010 0010 0010 0010 0010 0010 0010 0010 0010 0010 0030 0010 0030 0010 0010 0010 0010 0010 0010 0010 0030 0010 0010 0010 0010 0010 0030 0010 0010 0010 0AAB
48. next: 0000 0071 0000 0032 007F 0041 0010 0010 0010 0030 0010 0010 0010 0010 0010 0010 0010 0010 0010 0010 0010 0010 0010 0010 0010 0010 0010 0010 0010 0010 0010 0010 0010 0030 0010 0010 0010 0010 0010 0010 0010 0010 0010 0010 0010 0010 0010 0010 0010 0010 0010 0010 0010 0030 0010 0030 0010 0010 0010 0010 0010 0030 0010 0010 0010 0010 0010 0010 0010 0010 0010 0030 0010 0010 0010 0030 0010 0030 0010 0030 0010 0010 0010 0030 0010 0030 0010 0010 0010 0010 0010 0030 0010 0010 0010 0030 0010 0010 0010 0030 0010 0010 0010 0AAB
49. Stop: 0000 0071 0000 0032 007F 0041 0010 0010 0010 0030 0010 0010 0010 0010 0010 0010 0010 0010 0010 0010 0010 0010 0010 0010 0010 0010 0010 0010 0010 0010 0010 0010 0010 0030 0010 0010 0010 0010 0010 0010 0010 0010 0010 0010 0010 0010 0010 0010 0010 0010 0010 0010 0010 0030 0010 0030 0010 0010 0010 0010 0010 0030 0010 0010 0010 0010 0010 0010 0010 0010 0010 0010 0010 0030 0010 0010 0010 0010 0010 0010 0010 0010 0010 0030 0010 0030 0010 0030 0010 0030 0010 0010 0010 0030 0010 0010 0010 0010 0010 0030 0010 0010 0010 0AAB
50. Rec: 0000 0071 0000 0032 007F 0041 0010 0010 0010 0030 0010 0010 0010 0010 0010 0010 0010 0010 0010 0010 0010 0010 0010 0010 0010 0010 0010 0010 0010 0010 0010 0010 0010 0030 0010 0010 0010 0010 0010 0010 0010 0010 0010 0010 0010 0010 0010 0010 0010 0010 0010 0010 0010 0030 0010 0030 0010 0010 0010 0010 0010 0030 0010 0010 0010 0010 0010 0010 0010 0010 0010 0030 0010 0010 0010 0030 0010 0010 0010 0010 0010 0010 0010 0030 0010 0030 0010 0010 0010 0010 0010 0030 0010 0030 0010 0010 0010 0010 0010 0030 0010 0010 0010 0AAB

*************************************************************************
LAVA
*************************************************************************

1. Up: 0000 006C 0000 000A 0041 0041 0020 0020 0020 0020 0041 0041 0020 0020 0041 0041 0041 0020 0020 0020 0020 0020 0020 0CCD
2. Down: 0000 006C 0000 000A 0041 0041 0020 0020 0020 0020 0041 0041 0020 0020 0041 0041 0041 0020 0020 0020 0020 0041 0020 0CCD
3. In: 0000 006C 0000 000A 0041 0041 0020 0020 0020 0020 0041 0041 0020 0020 0041 0041 0020 0020 0020 0020 0020 0020 0041 0CCD
4. Out: 0000 006C 0000 000B 0041 0021 0021 0041 0021 0021 0041 0041 0021 0021 0041 0041 0021 0021 0021 0021 0021 0021 0021 0021 0021 0CCD
5. Power Auto: 0000 006C 0000 000C 0021 0021 0021 0021 0041 0021 0021 0021 0021 0021 0021 0021 0021 0021 0021 0021 0021 0041 0021 0021 0041 0021 0021 0CCD


*************************************************************************
Panasonic - Inputs
*************************************************************************

1.
http://www.remotecentral.com/cgi-bin/mboard/rc-discrete/thread.cgi?5227
TV: 0000 0071 0000 0032 0080 0041 0010 0010 0010 0030 0010 0010 0010 0010 0010 0010 0010 0010 0010 0010 0010 0010 0010 0010 0010 0010 0010 0010 0010 0010 0010 0010 0010 0030 0010 0010 0010 0010 0010 0010 0010 0010 0010 0010 0010 0010 0010 0010 0010 0010 0010 0010 0010 0030 0010 0010 0010 0030 0010 0010 0010 0010 0010 0010 0010 0010 0010 0010 0010 0010 0010 0010 0010 0010 0010 0010 0010 0010 0010 0030 0010 0030 0010 0010 0010 0010 0010 0010 0010 0030 0010 0010 0010 0010 0010 0030 0010 0030 0010 0010 0010 0030 0010 0AFD

2.
http://files.remotecentral.com/library/3-1/panasonic/index.html
http://files.remotecentral.com/library/3-1/panasonic/hdtv/inputs/index.html
Tuner: 0000 0071 0000 0032 0080 0040 0010 0010 0010 0030 0010 0010 0010 0010 0010 0010 0010 0010 0010 0010 0010 0010 0010 0010 0010 0010 0010 0010 0010 0010 0010 0010 0010 0030 0010 0010 0010 0010 0010 0010 0010 0010 0010 0010 0010 0010 0010 0010 0010 0010 0010 0010 0010 0030 0010 0010 0010 0010 0010 0010 0010 0010 0010 0010 0010 0010 0010 0010 0010 0010 0010 0010 0010 0010 0010 0010 0010 0010 0010 0010 0010 0010 0010 0010 0010 0010 0010 0010 0010 0010 0010 0010 0010 0010 0010 0010 0010 0010 0010 0010 0010 0030 0010 0aad
Video 1: 0000 0071 0000 0032 0080 0040 0010 0010 0010 0030 0010 0010 0010 0010 0010 0010 0010 0010 0010 0010 0010 0010 0010 0010 0010 0010 0010 0010 0010 0010 0010 0010 0010 0030 0010 0010 0010 0010 0010 0010 0010 0010 0010 0010 0010 0010 0010 0010 0010 0010 0010 0010 0010 0030 0010 0010 0010 0010 0010 0010 0010 0010 0010 0010 0010 0010 0010 0010 0010 0010 0010 0030 0010 0010 0010 0010 0010 0010 0010 0010 0010 0010 0010 0010 0010 0010 0010 0030 0010 0010 0010 0010 0010 0010 0010 0010 0010 0010 0010 0010 0010 0030 0010 0aad
Video 2: 0000 0071 0000 0032 0080 0040 0010 0010 0010 0030 0010 0010 0010 0010 0010 0010 0010 0010 0010 0010 0010 0010 0010 0010 0010 0010 0010 0010 0010 0010 0010 0010 0010 0030 0010 0010 0010 0010 0010 0010 0010 0010 0010 0010 0010 0010 0010 0010 0010 0010 0010 0010 0010 0030 0010 0010 0010 0010 0010 0010 0010 0010 0010 0010 0010 0010 0010 0010 0010 0010 0010 0010 0010 0030 0010 0010 0010 0010 0010 0010 0010 0010 0010 0010 0010 0010 0010 0010 0010 0030 0010 0010 0010 0010 0010 0010 0010 0010 0010 0010 0010 0030 0010 0aad
Video 3: 0000 0071 0000 0032 0080 0040 0010 0010 0010 0030 0010 0010 0010 0010 0010 0010 0010 0010 0010 0010 0010 0010 0010 0010 0010 0010 0010 0010 0010 0010 0010 0010 0010 0030 0010 0010 0010 0010 0010 0010 0010 0010 0010 0010 0010 0010 0010 0010 0010 0010 0010 0010 0010 0030 0010 0010 0010 0010 0010 0010 0010 0010 0010 0010 0010 0010 0010 0010 0010 0010 0010 0030 0010 0030 0010 0010 0010 0010 0010 0010 0010 0010 0010 0010 0010 0010 0010 0030 0010 0030 0010 0010 0010 0010 0010 0010 0010 0010 0010 0010 0010 0030 0010 0aad
Video 4: 0000 0071 0000 0032 0080 0040 0010 0010 0010 0030 0010 0010 0010 0010 0010 0010 0010 0010 0010 0010 0010 0010 0010 0010 0010 0010 0010 0010 0010 0010 0010 0010 0010 0030 0010 0010 0010 0010 0010 0010 0010 0010 0010 0010 0010 0010 0010 0010 0010 0010 0010 0010 0010 0030 0010 0010 0010 0010 0010 0010 0010 0010 0010 0010 0010 0010 0010 0010 0010 0010 0010 0010 0010 0010 0010 0030 0010 0010 0010 0010 0010 0010 0010 0010 0010 0010 0010 0010 0010 0010 0010 0030 0010 0010 0010 0010 0010 0010 0010 0010 0010 0030 0011 0aad


On: 0000 0071 0000 0032 0080 003f 0010 0010 0010 0030 0010 0010 0010 0010 0010 0010 0010 0010 0010 0010 0010 0010 0010 0010 0010 0010 0010 0010 0010 0010 0010 0010 0010 0030 0010 0010 0010 0010 0010 0010 0010 0010 0010 0010 0010 0010 0010 0010 0010 0010 0010 0010 0010 0030 0010 0010 0010 0010 0010 0010 0010 0010 0010 0010 0010 0010 0010 0010 0010 0010 0010 0010 0010 0030 0010 0030 0010 0030 0010 0030 0010 0030 0010 0010 0010 0010 0010 0010 0010 0030 0010 0030 0010 0030 0010 0030 0010 0030 0010 0010 0010 0030 0010 0a98
Off: 0000 0071 0000 0032 0080 003f 0010 0010 0010 0030 0010 0010 0010 0010 0010 0010 0010 0010 0010 0010 0010 0010 0010 0010 0010 0010 0010 0010 0010 0010 0010 0010 0010 0030 0010 0010 0010 0010 0010 0010 0010 0010 0010 0010 0010 0010 0010 0010 0010 0010 0010 0010 0010 0030 0010 0010 0010 0010 0010 0010 0010 0010 0010 0010 0010 0010 0010 0010 0010 0010 0010 0030 0010 0030 0010 0030 0010 0030 0010 0030 0010 0030 0010 0010 0010 0010 0010 0030 0010 0030 0010 0030 0010 0030 0010 0030 0010 0030 0010 0010 0010 0030 0010 0a98

'Panasonic Discrete Infrared Hex Codes'
